1
46
p 23980 31120 15659 19574 28789 11845
p 8973 18084 4438 9378 22068 11597
t 5926 7547 15171 1023 4419 24313
t 17506 29261 6091 19397 17320 1338
t 10662 31739 32674 12713 7630 26401
p 4924 6110 22764 14892 12908 7388
t 3957 26570 857 29807 21143 7380
t 7727 22341 13823 7441 16326 26011
p 16789 25176 128 22474 22524 16038
p 21999 32151 25597 4956 11637 14008
t 21515 26628 23677 4178 6600 17527
p 7709 15647 15235 12126 2075 22442
t 22565 28904 17688 1037 4048 24852
t 8613 14199 2460 10729 7514 28462
p 3302 25347 31119 4787 31393 2996
p 15757 18178 28674 31508 1309 27894
p 11755 31241 13084 9101 25449 956
p 26964 30372 686 12047 6801 14406
t 641 11059 10427 26044 30875 25168
t 7651 9687 21956 15824 28839 24546
p 17 20851 20488 15623 14595 17559
t 3492 9092 27209 31359 25406 18445
t 17192 31200 20874 22666 21832 14017
p 6573 25058 10531 27631 12623 29078
t 4562 6183 14543 14802 21508 6953
t 3691 27854 13134 6534 23974 287
t 2104 8228 18723 21072 26371 8748
p 20114 26917 2894 8283 15115 14373
p 27848 27905 7620 8739 4165 22165
t 12949 29096 20293 19068 22002 10611
t 845 20315 26849 16047 17366 6047
t 17670 17768 13373 30357 12549 10495
p 7868 25437 20171 10367 12189 25857
p 30978 31824 634 28783 21286 23403
t 14252 15586 4891 12117 19627 29323
t 21656 25407 18421 31491 17595 27546
t 429 23275 9152 8320 26036 24620
p 151 26390 8533 19217 8032 23836
p 27635 32021 4655 28372 25783 132
t 22452 24329 11005 7548 3674 16477
p 13520 14878 19752 15565 3590 6989
t 23478 32619 13055 32479 24406 18906
t 0 12679 32208 198 24868 25148
p 5764 30807 29216 21010 23132 1997
p 8702 22437 22806 12372 14390 11823
p 6364 25929 13618 14740 21770 14856
